L1der = 56;
L2iz  = 98;